[2.jpg]
filters=finetune2=1,0.847953,0.000000,0.000000,00000000,0.000000;
moddate=8e59db04b844d301
width=1600
height=900
textactive=0
